17
640 480
510 510 320 240
0.774947 -0.613644 -0.151322 -0.077909
-0.572445 -0.78296 0.243475 -0.454253
-0.267886 -0.102057 -0.95803 1.01717
0 0 0 1
510 510 320 240
0.736789 -0.665196 -0.121062 0.0826391
-0.650114 -0.746182 0.143402 -0.393382
-0.185724 -0.0269529 -0.982232 1.14868
0 0 0 1
510 510 320 240
0.738125 -0.63507 -0.227723 0.0712181
-0.63125 -0.769222 0.0991009 -0.234284
-0.238105 0.0706013 -0.96867 1.28954
0 0 0 1
510 510 320 240
0.79776 -0.462559 -0.386804 0.124332
-0.463405 -0.880765 0.0975162 -0.104369
-0.385791 0.101453 -0.916991 1.16181
0 0 0 1
510 510 320 240
0.792301 -0.332941 -0.511282 0.104702
-0.336762 -0.937414 0.088575 -0.0555405
-0.508774 0.102003 -0.854836 0.945741
0 0 0 1
510 510 320 240
0.765698 -0.19097 -0.614197 0.0630708
-0.198954 -0.978397 0.0561806 -0.00984418
-0.611657 0.0791798 -0.787151 0.730697
0 0 0 1
510 510 320 240
0.680727 -0.0536845 -0.730567 0.0330676
-0.082437 -0.99659 -0.00358032 0.0966414
-0.727883 0.062663 -0.682832 0.720047
0 0 0 1
510 510 320 240
0.664148 -0.0388873 -0.746589 -0.0190208
-0.0595636 -0.998224 -0.000992285 0.0818656
-0.745224 0.0451285 -0.665285 0.924554
0 0 0 1
510 510 320 240
0.662348 -0.0366726 -0.748299 -0.100568
-0.0586548 -0.998274 -0.00299417 0.0578678
-0.746897 0.0458745 -0.663355 1.16155
0 0 0 1
510 510 320 240
0.655957 -0.0106357 -0.754723 -0.131676
-0.0609316 -0.997384 -0.0389026 0.02991
-0.752335 0.0715049 -0.654889 1.44152
0 0 0 1
510 510 320 240
0.746937 -0.413372 -0.520778 -0.193211
-0.355221 -0.910194 0.212991 -0.0872653
-0.562053 0.0259002 -0.826695 1.95853
0 0 0 1
510 510 320 240
0.772577 -0.447598 -0.450312 -0.249784
-0.356322 -0.892678 0.275973 -0.253285
-0.525509 -0.0527541 -0.849151 1.64466
0 0 0 1
510 510 320 240
0.774551 -0.467354 -0.426205 -0.203891
-0.36477 -0.880538 0.302647 -0.310282
-0.516733 -0.0789491 -0.852499 1.38796
0 0 0 1
510 510 320 240
0.776986 -0.441107 -0.449129 -0.184356
-0.328863 -0.892775 0.307901 -0.405184
-0.536788 -0.091533 -0.838737 1.16352
0 0 0 1
510 510 320 240
0.746612 -0.305169 -0.591136 -0.147729
-0.210814 -0.951315 0.224848 -0.492681
-0.630973 -0.043254 -0.774598 1.08424
0 0 0 1
510 510 320 240
0.656799 -0.094789 -0.748084 -0.154224
-0.106836 -0.993758 0.032119 -0.550276
-0.746459 0.0588263 -0.662826 1.13464
0 0 0 1
510 510 320 240
0.798897 -0.431486 -0.419026 -0.285166
-0.361435 -0.901257 0.238958 -0.517515
-0.480757 -0.0394523 -0.875966 0.985406
0 0 0 1
