21
640 480
510 510 320 240
0.934156 -0.0508508 -0.353222 -0.965026
0.22759 -0.677493 0.699433 -0.220369
-0.274872 -0.73377 -0.621311 6.36642
0 0 0 1
510 510 320 240
0.967805 -0.0859283 -0.23658 -0.660695
0.110381 -0.699828 0.705731 0.198271
-0.226208 -0.709124 -0.667812 6.37311
0 0 0 1
510 510 320 240
0.983088 -0.0689885 -0.169644 -0.461873
0.0768641 -0.685356 0.72414 0.0971394
-0.166224 -0.724933 -0.668463 6.31435
0 0 0 1
510 510 320 240
0.98985 -0.0601638 -0.128753 -0.0813614
0.0528558 -0.685129 0.726501 0.20046
-0.131922 -0.725933 -0.674995 6.24276
0 0 0 1
510 510 320 240
0.999327 0.0344926 -0.012476 -0.205228
0.0347838 -0.78324 0.620746 0.904089
0.0116395 -0.620762 -0.783912 7.52062
0 0 0 1
510 510 320 240
0.999436 0.0327367 -0.00750873 -0.205312
0.0321826 -0.869445 0.492981 1.7339
0.00961016 -0.492945 -0.870008 7.80701
0 0 0 1
510 510 320 240
0.962815 0.0876419 -0.255552 0.367564
0.225659 -0.780992 0.582349 0.362401
-0.148546 -0.618362 -0.771727 7.75122
0 0 0 1
510 510 320 240
0.925031 0.144708 -0.35125 0.0127506
0.328574 -0.768839 0.548567 0.672471
-0.190673 -0.622854 -0.758747 7.39837
0 0 0 1
510 510 320 240
0.906159 0.166873 -0.388625 -0.410321
0.378801 -0.728909 0.570264 0.367069
-0.188111 -0.663962 -0.723719 7.07094
0 0 0 1
510 510 320 240
0.840362 0.191663 -0.507008 -0.570534
0.466128 -0.732915 0.495541 0.34599
-0.276617 -0.652764 -0.705253 7.18755
0 0 0 1
510 510 320 240
0.827438 0.124446 -0.547595 -0.398323
0.432993 -0.762319 0.481026 0.123984
-0.357581 -0.635124 -0.684656 7.04252
0 0 0 1
510 510 320 240
0.858979 0.0291215 -0.511182 -0.29746
0.342191 -0.775314 0.530842 -0.242502
-0.380868 -0.630904 -0.675944 6.68703
0 0 0 1
510 510 320 240
0.769498 0.141942 -0.622676 -0.175386
0.516203 -0.712315 0.475543 -0.352706
-0.376042 -0.687357 -0.621396 6.08023
0 0 0 1
510 510 320 240
0.590722 0.272156 -0.759591 -0.361111
0.692157 -0.654746 0.303689 -0.216657
-0.414688 -0.705152 -0.575147 6.07303
0 0 0 1
510 510 320 240
0.492601 0.297925 -0.81767 -0.784628
0.709197 -0.681968 0.178771 -0.361265
-0.504364 -0.667952 -0.547226 6.38957
0 0 0 1
510 510 320 240
0.370926 0.32004 -0.871773 -0.71314
0.749484 -0.657467 0.0775285 -0.458458
-0.54835 -0.682137 -0.483737 6.12552
0 0 0 1
510 510 320 240
0.601585 0.159678 -0.782686 -1.10402
0.565592 -0.777061 0.276193 -0.335165
-0.564093 -0.608835 -0.557781 5.99248
0 0 0 1
510 510 320 240
0.649042 0.0844059 -0.756056 -0.87381
0.482652 -0.813887 0.323474 -0.507581
-0.588041 -0.57486 -0.568985 5.85796
0 0 0 1
510 510 320 240
0.672065 0.0410958 -0.739351 -0.8466
0.436594 -0.828442 0.350813 -0.893027
-0.598092 -0.558565 -0.574709 5.6445
0 0 0 1
510 510 320 240
0.715606 0.0411885 -0.697289 -0.763453
0.497736 -0.730444 0.467664 -0.944263
-0.490068 -0.681729 -0.543211 5.68849
0 0 0 1
510 510 320 240
0.848298 0.039546 -0.52804 -0.82534
0.414941 -0.669152 0.61649 -0.890627
-0.328959 -0.742072 -0.58405 5.89267
0 0 0 1
