24
640 480
510 510 320 240
-0.131102 0.173945 0.975989 -0.133641
-0.834906 -0.550212 -0.014089 -0.120952
0.53455 -0.816707 0.217362 1.29926
0 0 0 1
510 510 320 240
-0.122524 0.163711 0.97887 -0.119687
-0.84316 -0.537435 -0.0156544 -0.0968
0.523516 -0.827262 0.203883 1.2991
0 0 0 1
510 510 320 240
-0.113803 0.154699 0.981385 -0.106013
-0.854827 -0.518623 -0.0173752 -0.0897334
0.506281 -0.840892 0.191262 1.27529
0 0 0 1
510 510 320 240
-0.104241 0.150523 0.983095 -0.0912753
-0.86535 -0.500942 -0.0150561 -0.0784921
0.490208 -0.852291 0.182474 1.25274
0 0 0 1
510 510 320 240
-0.0872121 0.145146 0.985559 -0.0672758
-0.881205 -0.472661 -0.00836793 -0.0813573
0.464621 -0.869209 0.169125 1.22632
0 0 0 1
510 510 320 240
-0.0808174 0.146167 0.985953 -0.0783556
-0.878507 -0.477728 -0.0011871 -0.0371216
0.470844 -0.866263 0.167018 1.23056
0 0 0 1
510 510 320 240
-0.0539929 0.119556 0.991358 -0.0692986
-0.895909 -0.444212 0.00477679 -0.0665264
0.440944 -0.887909 0.131096 1.19818
0 0 0 1
510 510 320 240
-0.0523315 0.115613 0.991915 -0.118105
-0.900759 -0.434308 0.00309869 -0.0840525
0.431155 -0.893314 0.126867 1.1935
0 0 0 1
510 510 320 240
-0.0313669 0.0979837 0.994694 -0.117161
-0.901134 -0.433307 0.014267 -0.109695
0.432405 -0.895904 0.101888 1.21113
0 0 0 1
510 510 320 240
-0.0156859 0.0836123 0.996375 -0.100601
-0.899429 -0.436488 0.0224689 -0.13516
0.436784 -0.895816 0.0820501 1.2497
0 0 0 1
510 510 320 240
-0.00990944 0.0654804 0.997805 -0.0846389
-0.895306 -0.444989 0.0203107 -0.108354
0.445342 -0.893139 0.0630345 1.29594
0 0 0 1
510 510 320 240
-0.00459691 0.0344409 0.999396 -0.0834536
-0.88821 -0.459288 0.0117423 -0.120322
0.459415 -0.88762 0.032702 1.31838
0 0 0 1
510 510 320 240
-0.000379234 0.0450719 0.998984 -0.0706042
-0.885996 -0.463237 0.0205638 -0.134672
0.463693 -0.885088 0.0401092 1.37103
0 0 0 1
510 510 320 240
0.0141561 0.0618978 0.997982 -0.0325298
-0.878968 -0.475034 0.041931 -0.134599
0.476671 -0.877788 0.0476816 1.41843
0 0 0 1
510 510 320 240
0.0256105 0.0756131 0.996808 0.015621
-0.870659 -0.488285 0.0594084 -0.108241
0.491219 -0.869402 0.053328 1.43915
0 0 0 1
510 510 320 240
0.00812036 0.102077 0.994743 0.026357
-0.865209 -0.498026 0.0581686 -0.100274
0.501346 -0.861133 0.0842738 1.45855
0 0 0 1
510 510 320 240
-0.0039121 0.144594 0.989483 0.0268363
-0.857357 -0.509787 0.0711057 -0.102408
0.514707 -0.848062 0.125963 1.4844
0 0 0 1
510 510 320 240
-0.0494993 0.16894 0.984383 -0.0449684
-0.821504 -0.567438 0.0560749 -0.0717667
0.56805 -0.805899 0.166873 1.50794
0 0 0 1
510 510 320 240
-0.0642211 0.176973 0.982118 -0.066214
-0.80674 -0.588499 0.0532918 -0.093522
0.587407 -0.788891 0.180565 1.52898
0 0 0 1
510 510 320 240
-0.0799736 0.17953 0.980496 -0.0987235
-0.780955 -0.62256 0.0502929 -0.0901569
0.619447 -0.761701 0.189993 1.51164
0 0 0 1
510 510 320 240
-0.0770349 0.152913 0.985233 -0.0714797
-0.758775 -0.650026 0.0415591 -0.0689362
0.646781 -0.744368 0.166101 1.57857
0 0 0 1
510 510 320 240
-0.0835057 0.149739 0.985193 -0.0843656
-0.743446 -0.667689 0.0384669 -0.0468378
0.663562 -0.729226 0.167079 1.65207
0 0 0 1
510 510 320 240
-0.0800952 0.151188 0.985255 -0.065005
-0.743429 -0.667496 0.0419915 -0.0138201
0.664002 -0.729103 0.165861 1.72069
0 0 0 1
510 510 320 240
-0.0757908 0.148334 0.986029 -0.0305978
-0.768968 -0.638222 0.0369052 -0.00130978
0.634779 -0.755427 0.162436 1.73273
0 0 0 1
