13
640 480
510 510 320 240
0.998965 -0.0402423 -0.021207 -0.0560203
0.0123628 -0.208471 0.97795 -0.0687897
-0.043776 -0.9772 -0.207758 1.52463
0 0 0 1
510 510 320 240
0.998803 -0.0372917 -0.0316438 -0.0347351
0.0221493 -0.231955 0.972474 -0.0920527
-0.0436051 -0.972011 -0.230851 1.59159
0 0 0 1
510 510 320 240
0.99953 -0.0204311 -0.0228706 -0.0552903
0.0163383 -0.276351 0.960918 -0.103576
-0.0259529 -0.96084 -0.275887 1.66837
0 0 0 1
510 510 320 240
0.999628 0.00681953 -0.0264 -0.0477631
0.02721 -0.311862 0.949738 -0.133168
-0.0017564 -0.950103 -0.311932 1.7112
0 0 0 1
510 510 320 240
0.999394 0.0346275 -0.00341889 -0.126917
0.0157818 -0.363516 0.931454 -0.140922
0.0310111 -0.930944 -0.363842 1.7536
0 0 0 1
510 510 320 240
0.998136 0.0603034 0.00933173 -0.18144
0.0185928 -0.446203 0.894739 -0.0478413
0.0581197 -0.892898 -0.446493 1.84999
0 0 0 1
510 510 320 240
0.997476 0.0710039 -8.73838e-005 -0.170005
0.0353064 -0.494923 0.868219 0.0809314
0.0616037 -0.866031 -0.496181 1.96363
0 0 0 1
510 510 320 240
0.998739 0.0494325 -0.00880976 -0.115624
0.0339511 -0.53557 0.843808 0.174242
0.0369933 -0.843043 -0.536572 2.09349
0 0 0 1
510 510 320 240
0.998389 0.0490417 -0.0285355 0.00198669
0.0511485 -0.560214 0.826767 0.19589
0.0245601 -0.826895 -0.56182 2.19263
0 0 0 1
510 510 320 240
0.998271 0.0372884 -0.0454357 0.0957484
0.058705 -0.594053 0.802281 0.214093
0.00292456 -0.803561 -0.595215 2.31934
0 0 0 1
510 510 320 240
0.998306 0.0215578 -0.0540326 0.252825
0.0555933 -0.627125 0.776932 0.234244
-0.0171362 -0.77862 -0.627262 2.41106
0 0 0 1
510 510 320 240
0.999654 -0.00889536 -0.0247735 0.255531
0.011895 -0.68692 0.726636 0.288954
-0.0234811 -0.726679 -0.686576 2.51634
0 0 0 1
510 510 320 240
0.998923 -0.0407471 -0.0221907 0.361031
-0.014485 -0.728241 0.685168 0.267421
-0.0440788 -0.684108 -0.728047 2.55748
0 0 0 1
