15
640 480
510 510 320 240
0.993103 0.0880939 0.0773748 -0.118554
-0.049548 -0.282782 0.957904 -0.0855713
0.106266 -0.95513 -0.276467 3.1198
0 0 0 1
510 510 320 240
0.992548 0.102263 0.0662671 -0.259589
-0.031204 -0.312386 0.949443 -0.190723
0.117793 -0.944435 -0.306867 3.21452
0 0 0 1
510 510 320 240
0.996379 0.0845947 0.0085093 -0.288477
0.022829 -0.362601 0.931665 -0.155399
0.0818993 -0.928097 -0.363219 3.37044
0 0 0 1
510 510 320 240
0.996954 0.0728052 -0.027981 -0.308908
0.0557832 -0.414822 0.908191 -0.193204
0.0545139 -0.906985 -0.417619 3.48455
0 0 0 1
510 510 320 240
0.999137 0.0397846 0.0119204 -0.319109
0.00955565 -0.499525 0.866247 -0.0607862
0.0404178 -0.865386 -0.499474 3.66239
0 0 0 1
510 510 320 240
0.997298 0.0501857 0.0536535 -0.192066
-0.0172065 -0.550442 0.834696 -0.140178
0.0714229 -0.833364 -0.548091 3.96381
0 0 0 1
510 510 320 240
0.990429 0.0798949 0.112546 -0.246136
-0.0447952 -0.585213 0.809641 -0.299923
0.13055 -0.806934 -0.576034 4.28306
0 0 0 1
510 510 320 240
0.996705 0.060708 0.0537887 -0.267759
-0.00273433 -0.637639 0.770331 -0.232616
0.081063 -0.76794 -0.635372 4.54219
0 0 0 1
510 510 320 240
0.997714 0.0652419 0.0176019 -0.342431
0.0294553 -0.654316 0.755647 -0.398273
0.0608171 -0.753402 -0.654742 4.80897
0 0 0 1
510 510 320 240
0.998032 0.0607891 0.0153963 -0.383778
0.0301965 -0.681061 0.731604 -0.573469
0.0549594 -0.729699 -0.681556 5.15996
0 0 0 1
510 510 320 240
0.998446 0.0454163 0.032286 -0.314082
0.0110692 -0.729513 0.683878 -0.104849
0.0546123 -0.682458 -0.728882 5.57407
0 0 0 1
510 510 320 240
0.99511 0.0501288 0.0851047 -0.189154
-0.0154412 -0.772087 0.635329 0.124517
0.0975565 -0.633536 -0.767538 5.90699
0 0 0 1
510 510 320 240
0.996232 0.0552262 0.0668782 -0.303551
0.00251087 -0.789121 0.614232 0.039052
0.0866967 -0.61175 -0.786286 6.2571
0 0 0 1
510 510 320 240
0.997266 0.0556768 0.0485921 -0.310319
0.0189432 -0.828175 0.560149 0.242459
0.0714301 -0.557697 -0.826966 6.67744
0 0 0 1
510 510 320 240
0.997308 0.0654061 0.0331627 -0.19107
-0.0180738 -0.219043 0.975548 -0.135403
0.0710708 -0.973521 -0.217271 2.98217
0 0 0 1
