24
640 480
510 510 320 240
0.998052 -0.0507275 -0.0363049 0.1301
0.00620316 -0.498399 0.866925 0.0200829
-0.0620713 -0.865462 -0.497114 1.9718
0 0 0 1
510 510 320 240
0.998159 -0.0589685 -0.0141635 -0.00392547
-0.0172495 -0.499955 0.865879 0.0394272
-0.0581407 -0.864041 -0.500052 1.98264
0 0 0 1
510 510 320 240
0.999487 -0.0316502 -0.00485896 -0.0383118
-0.0110352 -0.482905 0.875603 -0.039021
-0.0300595 -0.875101 -0.483007 1.90839
0 0 0 1
510 510 320 240
0.99883 -0.0363322 -0.0319115 0.0943194
0.0106732 -0.478004 0.878293 -0.0533338
-0.0471642 -0.877606 -0.477057 1.89271
0 0 0 1
510 510 320 240
0.99764 -0.0449125 -0.051931 0.204278
0.0234717 -0.487697 0.872697 -0.048017
-0.0645216 -0.871857 -0.485492 1.91111
0 0 0 1
510 510 320 240
0.995554 -0.052164 -0.0784348 0.300478
0.0408562 -0.511147 0.858522 -0.0337546
-0.0848757 -0.857909 -0.506743 1.96079
0 0 0 1
510 510 320 240
0.9924 -0.0612464 -0.106732 0.406603
0.0591927 -0.52282 0.850385 -0.0276108
-0.107885 -0.85024 -0.515221 2.00563
0 0 0 1
510 510 320 240
0.989035 -0.0531395 -0.137791 0.509979
0.0897578 -0.524626 0.846588 -0.0031628
-0.117276 -0.849673 -0.514104 1.9831
0 0 0 1
510 510 320 240
0.996852 -0.0616891 -0.0498135 0.100184
0.0109832 -0.514755 0.857267 -0.0145696
-0.0785258 -0.855115 -0.512457 1.84256
0 0 0 1
510 510 320 240
0.997714 -0.0626345 -0.0253619 0.00336593
-0.00923946 -0.498238 0.866991 -0.0749263
-0.0669398 -0.864775 -0.497678 1.81327
0 0 0 1
510 510 320 240
0.997715 -0.0670709 -0.00813807 -0.0799997
-0.0257247 -0.488495 0.872187 -0.095224
-0.0624738 -0.869985 -0.489105 1.78039
0 0 0 1
510 510 320 240
0.998373 -0.0528588 -0.0213862 -0.0487528
-0.00934591 -0.521675 0.853093 -0.054501
-0.0562501 -0.851505 -0.52132 1.88605
0 0 0 1
510 510 320 240
0.9974 -0.0504179 -0.0514824 0.0255345
0.0157189 -0.545016 0.838278 -0.015443
-0.0703229 -0.836908 -0.542807 1.96164
0 0 0 1
510 510 320 240
0.996933 -0.0344906 -0.070246 0.0823237
0.0382234 -0.568665 0.821681 0.0260147
-0.0682867 -0.821846 -0.565603 2.02514
0 0 0 1
510 510 320 240
0.994805 -0.0359747 -0.0952257 0.165127
0.0563739 -0.584218 0.809636 0.0144539
-0.084759 -0.810799 -0.579156 2.08124
0 0 0 1
510 510 320 240
0.992115 -0.0286318 -0.122016 0.286899
0.0818657 -0.589112 0.803893 0.0213535
-0.0948978 -0.807544 -0.582123 2.07304
0 0 0 1
510 510 320 240
0.986956 -0.0280042 -0.158537 0.41817
0.110988 -0.594979 0.796041 0.0306497
-0.116619 -0.803253 -0.58411 2.09312
0 0 0 1
510 510 320 240
0.99219 -0.0776319 -0.0976348 0.187137
0.0366121 -0.567004 0.822901 -0.065452
-0.119243 -0.820048 -0.559734 2.00211
0 0 0 1
510 510 320 240
0.998269 -0.0503854 -0.0303228 0.0182348
0.000435566 -0.509291 0.860594 0.017886
-0.0588045 -0.859118 -0.508388 1.78899
0 0 0 1
510 510 320 240
0.996165 -0.0811785 -0.0326278 -0.0391508
-0.0163904 -0.539488 0.841834 0.0244773
-0.0859411 -0.838071 -0.538749 1.95261
0 0 0 1
510 510 320 240
0.995609 -0.0845544 -0.0401691 -0.0303274
-0.0135487 -0.554747 0.831909 -0.00375501
-0.0926252 -0.827712 -0.553456 2.0269
0 0 0 1
510 510 320 240
0.995727 -0.0717549 -0.0581247 0.051299
0.0078724 -0.56119 0.82765 -0.0425063
-0.0920069 -0.824571 -0.558227 2.05094
0 0 0 1
510 510 320 240
0.99676 -0.043706 -0.06752 0.175573
0.0323862 -0.550321 0.834325 -0.0504834
-0.0736227 -0.833809 -0.547123 1.9865
0 0 0 1
510 510 320 240
0.997125 -0.0288523 -0.0700695 0.251226
0.042286 -0.555455 0.83047 -0.035108
-0.0628815 -0.831046 -0.552638 1.9648
0 0 0 1
