11
640 480
510 510 320 240
0.999653 -0.0256922 -0.00585216 -0.0352652
0.004618 -0.0478355 0.998845 -0.0997778
-0.0259425 -0.998525 -0.0477003 1.51807
0 0 0 1
510 510 320 240
0.999122 -0.0389739 0.0153566 -0.0404797
-0.0166324 -0.0326251 0.999329 -0.0798164
-0.0384468 -0.998707 -0.0332447 1.63601
0 0 0 1
510 510 320 240
0.998338 -0.0553563 0.0160122 -0.032455
-0.0168835 -0.0153088 0.99974 -0.0966719
-0.0550968 -0.998349 -0.0162179 1.78602
0 0 0 1
510 510 320 240
0.99869 -0.0407806 -0.0309159 0.0105649
0.0276811 -0.0776328 0.996598 -0.136869
-0.043042 -0.996148 -0.0764022 1.87379
0 0 0 1
510 510 320 240
0.998402 -0.0141268 -0.0547109 -0.0484412
0.0534064 -0.0803226 0.995337 -0.131366
-0.0184554 -0.996669 -0.0794398 2.02406
0 0 0 1
510 510 320 240
0.997395 -0.0015717 -0.0721227 -0.00567279
0.0709444 -0.159884 0.984583 -0.137996
-0.0130787 -0.987135 -0.159356 2.14919
0 0 0 1
510 510 320 240
0.989069 0.124232 -0.0794324 -0.301996
0.117546 -0.33903 0.933403 0.186317
0.0890288 -0.932537 -0.349927 2.31004
0 0 0 1
510 510 320 240
0.984502 0.163799 -0.0626603 -0.366959
0.126508 -0.41585 0.900591 0.220074
0.121459 -0.89456 -0.430127 2.47095
0 0 0 1
510 510 320 240
0.98847 0.150683 0.0148925 -0.466483
0.0578211 -0.466534 0.882611 0.23669
0.139942 -0.871574 -0.469867 2.68104
0 0 0 1
510 510 320 240
0.979279 0.138532 0.147724 -0.745889
-0.0614068 -0.491977 0.86844 0.28115
0.192984 -0.859516 -0.473276 2.88803
0 0 0 1
510 510 320 240
0.960517 0.158815 0.22844 -0.99209
-0.10903 -0.540539 0.834225 0.268154
0.255968 -0.826194 -0.501881 3.0537
0 0 0 1
