35
640 480
510 452.625 320 213
0.647639 0.761414 -0.0284965 0.152096
-0.210916 0.215086 0.953547 0.170467
0.732174 -0.611544 0.299893 1.92293
0 0 0 1
510 452.625 320 213
0.653079 0.756836 -0.0262118 0.160628
-0.198285 0.204302 0.958616 0.15422
0.73087 -0.620855 0.283494 2.07026
0 0 0 1
510 452.625 320 213
0.651516 0.757903 -0.0333199 0.137085
-0.178949 0.196215 0.964094 0.121133
0.737227 -0.62216 0.263463 2.24547
0 0 0 1
510 452.625 320 213
0.640184 0.766724 -0.0479462 0.150381
-0.153872 0.189124 0.969822 0.0383412
0.752653 -0.613488 0.239052 2.51888
0 0 0 1
510 452.625 320 213
0.622047 0.780139 -0.0666435 0.122722
-0.0870882 0.153524 0.9843 -0.0407237
0.778122 -0.606476 0.16344 2.69825
0 0 0 1
510 452.625 320 213
0.621474 0.776556 -0.103588 0.199885
-0.0291048 0.155017 0.987483 -0.230862
0.782894 -0.61068 0.118941 2.95914
0 0 0 1
510 452.625 320 213
0.571093 0.820725 -0.0162585 0.142726
-0.0945673 0.0854521 0.991844 -0.410699
0.81542 -0.564897 0.126415 3.09257
0 0 0 1
510 452.625 320 213
0.524717 0.849007 0.0621182 0.156426
-0.144663 0.0170213 0.989335 -0.562292
0.838895 -0.528107 0.131751 3.26427
0 0 0 1
510 452.625 320 213
0.495316 0.861697 0.110178 0.22325
-0.162946 -0.0324211 0.986102 -0.744372
0.853294 -0.506386 0.124352 3.4008
0 0 0 1
510 452.625 320 213
0.477391 0.866169 0.147812 0.158555
-0.154134 -0.0830631 0.984552 -0.955613
0.865067 -0.492799 0.0938522 3.57505
0 0 0 1
510 452.625 320 213
0.507265 0.860715 0.0430395 0.371827
-0.0502005 -0.0203452 0.998532 -1.02951
0.860327 -0.50868 0.0328879 3.77663
0 0 0 1
510 452.625 320 213
0.550571 0.834325 -0.0278114 0.600219
0.061887 -0.00757002 0.998054 -1.03788
0.832491 -0.551221 -0.0558017 4.0097
0 0 0 1
510 452.625 320 213
0.551829 0.832915 -0.0416782 0.573627
0.112883 -0.0250849 0.993292 -1.10907
0.826282 -0.552832 -0.107865 4.10471
0 0 0 1
510 452.625 320 213
0.563656 0.823339 -0.0663788 0.602101
0.168328 -0.0358182 0.98508 -1.131
0.808677 -0.566419 -0.15878 4.16869
0 0 0 1
510 452.625 320 213
0.580197 0.809693 -0.0881398 0.695515
0.224358 -0.054854 0.972962 -1.21181
0.782966 -0.584284 -0.213487 4.32116
0 0 0 1
510 452.625 320 213
0.544121 0.838956 -0.00922818 0.540682
0.190372 -0.112743 0.975217 -1.2824
0.817123 -0.532393 -0.22106 4.32679
0 0 0 1
510 452.625 320 213
0.471892 0.878083 0.0792988 0.357517
0.141436 -0.164172 0.976239 -1.40393
0.870238 -0.449464 -0.201664 4.44246
0 0 0 1
510 452.625 320 213
0.462305 0.877921 0.124614 0.683502
0.113117 -0.197775 0.973699 -1.52555
0.879476 -0.43605 -0.19074 4.56062
0 0 0 1
510 452.625 320 213
0.453432 0.877334 0.157115 0.71917
0.10069 -0.225572 0.969009 -1.3979
0.885585 -0.42356 -0.19062 4.47474
0 0 0 1
510 452.625 320 213
0.376725 0.878637 0.293384 0.562312
0.012576 -0.32154 0.946812 -1.36164
0.92624 -0.352999 -0.132182 4.28349
0 0 0 1
510 452.625 320 213
0.258501 0.879807 0.398895 0.418211
-0.0466592 -0.401077 0.914855 -1.35836
0.964884 -0.255103 -0.0626275 4.0487
0 0 0 1
510 452.625 320 213
0.253791 0.875535 0.411131 0.324153
-0.0141532 -0.421641 0.906652 -1.06798
0.967155 -0.235919 -0.0946171 3.86247
0 0 0 1
510 452.625 320 213
0.315607 0.911474 0.263834 -0.035138
0.0310675 -0.287821 0.95718 -1.02336
0.948381 -0.293896 -0.119156 3.68308
0 0 0 1
510 452.625 320 213
0.412393 0.896452 0.162192 -0.163503
0.0681629 -0.2079 0.975772 -0.957464
0.908452 -0.391346 -0.146841 3.75401
0 0 0 1
510 452.625 320 213
0.456222 0.887965 0.0581379 -0.141483
0.11655 -0.124396 0.985364 -0.891821
0.8822 -0.442769 -0.160245 3.87581
0 0 0 1
510 452.625 320 213
0.490033 0.870751 0.0407379 -0.212263
0.128203 -0.118217 0.984677 -0.932375
0.862225 -0.477302 -0.169563 3.97746
0 0 0 1
510 452.625 320 213
0.626235 0.77545 -0.0806689 0.111574
-0.0558158 0.147798 0.987441 -0.15704
0.777634 -0.613868 0.135838 2.79303
0 0 0 1
510 452.625 320 213
0.438747 0.88588 0.150723 0.195278
-0.162805 -0.0865899 0.982851 -0.986995
0.88374 -0.455761 0.106235 3.57748
0 0 0 1
510 452.625 320 213
0.535873 0.84428 -0.00563818 0.521542
0.00865983 0.00118135 0.999962 -1.02727
0.844254 -0.535902 -0.00667826 3.88699
0 0 0 1
510 452.625 320 213
0.456604 0.883448 0.105035 0.43978
0.127237 -0.181691 0.975089 -1.45861
0.880525 -0.431865 -0.195368 4.509
0 0 0 1
510 452.625 320 213
0.416533 0.882952 0.216554 0.544926
0.0705664 -0.268884 0.960584 -1.31893
0.906378 -0.384833 -0.174306 4.3699
0 0 0 1
510 452.625 320 213
0.314317 0.879161 0.358164 0.527862
-0.033421 -0.366804 0.929698 -1.42197
0.94873 -0.30419 -0.0859103 4.16572
0 0 0 1
510 452.625 320 213
0.276964 0.887405 0.368516 0.21908
0.0174326 -0.388097 0.921454 -0.915313
0.960722 -0.248785 -0.122958 3.81553
0 0 0 1
510 452.625 320 213
0.350159 0.906923 0.234262 -0.128519
0.0513635 -0.26831 0.961962 -0.978828
0.935281 -0.324807 -0.140534 3.7077
0 0 0 1
510 452.625 320 213
0.434815 0.893258 0.114133 -0.143864
0.0904586 -0.169426 0.981383 -0.885333
0.895965 -0.416396 -0.154472 3.80209
0 0 0 1
