9
640 480
510 510 320 240
0.996415 0.0722674 0.0439874 0.0141226
0.00771466 -0.595382 0.803406 -0.0889532
0.0842494 -0.800186 -0.593805 2.49621
0 0 0 1
510 510 320 240
0.995418 0.0704584 0.0646409 -0.0169656
-0.0015071 -0.664387 0.747387 -0.135643
0.0956063 -0.74406 -0.661236 2.80834
0 0 0 1
510 510 320 240
0.996513 0.0714357 0.0431064 0.352475
0.017032 -0.679945 0.733065 -0.291926
0.081677 -0.729775 -0.678791 3.04662
0 0 0 1
510 510 320 240
0.994717 0.0917836 0.0459829 0.685158
0.022461 -0.631655 0.774924 -0.376905
0.100171 -0.769797 -0.630379 2.96614
0 0 0 1
510 510 320 240
0.988625 0.112968 0.0992956 0.750254
-0.0051952 -0.634149 0.773193 -0.147707
0.150314 -0.764914 -0.626348 2.97036
0 0 0 1
510 510 320 240
0.989945 0.127717 0.0608 0.702181
0.0226015 -0.56713 0.823318 -0.0176397
0.139633 -0.813666 -0.564314 2.84791
0 0 0 1
510 510 320 240
0.996558 0.0828085 0.00374805 0.731252
0.0376131 -0.492022 0.86977 0.126965
0.0738685 -0.866636 -0.493443 2.66308
0 0 0 1
510 510 320 240
0.967534 0.101532 0.23145 0.78172
-0.145004 -0.527056 0.837368 -0.407762
0.207007 -0.843743 -0.495222 2.79041
0 0 0 1
510 510 320 240
0.909234 0.0869223 0.40711 0.809787
-0.293809 -0.558814 0.775502 -0.573587
0.294907 -0.824725 -0.482553 2.8503
0 0 0 1
