32
640 480
510 510 320 240
0.998123 0.0549562 0.0270167 -0.131316
0.0205464 -0.716138 0.697657 -0.0746502
0.0576882 -0.695792 -0.715923 3.81413
0 0 0 1
510 510 320 240
0.998465 0.048472 0.026811 -0.0996698
0.0164236 -0.721303 0.692425 -0.0613452
0.052902 -0.690921 -0.720992 3.85975
0 0 0 1
510 510 320 240
0.998684 0.0426254 0.0285353 -0.122092
0.0113319 -0.725888 0.68772 -0.0524169
0.0500278 -0.686491 -0.725415 4.00635
0 0 0 1
510 510 320 240
0.99925 0.036134 0.0139012 -0.11256
0.0172053 -0.736111 0.676642 0.00887417
0.0346826 -0.675895 -0.736181 4.08591
0 0 0 1
510 510 320 240
0.998946 0.0459022 -0.000145398 -0.119706
0.033638 -0.729884 0.682743 0.0687224
0.0312333 -0.682028 -0.730659 4.14399
0 0 0 1
510 510 320 240
0.998367 0.0370737 0.043462 -0.100106
-0.00488404 -0.702626 0.711542 0.106683
0.0569171 -0.710593 -0.701298 4.00845
0 0 0 1
510 510 320 240
0.997066 0.047919 0.059698 -0.051445
-0.0148522 -0.643933 0.764938 0.052606
0.0750966 -0.76358 -0.641332 3.74946
0 0 0 1
510 510 320 240
0.993277 0.0702698 0.0919898 -0.0281866
-0.0338528 -0.583599 0.811336 0.0481756
0.110698 -0.808996 -0.577297 3.52544
0 0 0 1
510 510 320 240
0.990442 0.0723701 0.117423 0.0330292
-0.0619094 -0.527493 0.847301 -0.0179939
0.123259 -0.846471 -0.51797 3.38526
0 0 0 1
510 510 320 240
0.990786 0.088625 0.102417 0.0557013
-0.0481348 -0.476406 0.877907 -0.0961305
0.126597 -0.874747 -0.467751 3.29502
0 0 0 1
510 510 320 240
0.99722 0.0628765 0.0399937 0.0299358
-0.00811991 -0.441816 0.897069 -0.056431
0.0740744 -0.8949 -0.440077 3.12148
0 0 0 1
510 510 320 240
0.99855 0.0515236 0.0155827 0.0343731
0.00810656 -0.430129 0.902731 -0.102637
0.0532145 -0.901296 -0.429923 3.05452
0 0 0 1
510 510 320 240
0.996986 0.0724273 0.0278149 0.0251367
0.00678697 -0.438553 0.89868 -0.105327
0.0772872 -0.895782 -0.437723 3.11847
0 0 0 1
510 510 320 240
0.995944 0.0744433 0.0505308 0.149973
-0.0098181 -0.468346 0.883491 -0.120139
0.0894359 -0.880403 -0.465716 3.26549
0 0 0 1
510 510 320 240
0.984857 0.0913622 0.147342 0.223751
-0.0819247 -0.503751 0.859955 -0.161884
0.152791 -0.859004 -0.488638 3.40188
0 0 0 1
510 510 320 240
0.984025 0.0675884 0.164699 0.166396
-0.10147 -0.547217 0.830817 -0.188113
0.14628 -0.834257 -0.531618 3.55641
0 0 0 1
510 510 320 240
0.979062 0.064888 0.192945 0.0891583
-0.117529 -0.593714 0.796047 -0.207536
0.166208 -0.802056 -0.573656 3.71474
0 0 0 1
510 510 320 240
0.922664 0.0581683 0.381193 0.102792
-0.265401 -0.621357 0.73721 -0.163717
0.279739 -0.781366 -0.557865 3.84715
0 0 0 1
510 510 320 240
0.997686 0.0618039 0.0283392 -0.146582
0.0242544 -0.712897 0.70085 -0.0679388
0.0635182 -0.69854 -0.712746 3.74239
0 0 0 1
510 510 320 240
0.997899 0.0583649 0.0281225 -0.143991
0.0223026 -0.717018 0.696698 -0.059744
0.0608271 -0.694607 -0.716813 3.78686
0 0 0 1
510 510 320 240
0.998288 0.0513241 0.0280347 -0.112286
0.0175264 -0.719903 0.693853 -0.0647317
0.0557937 -0.692174 -0.719571 3.84742
0 0 0 1
510 510 320 240
0.998311 0.0474277 0.0335544 -0.141128
0.0111373 -0.723075 0.690679 -0.071166
0.0570197 -0.689139 -0.722382 3.91742
0 0 0 1
510 510 320 240
0.99845 0.0457955 0.0316174 -0.136394
0.0115513 -0.726327 0.687252 -0.0509738
0.0544376 -0.685822 -0.72573 3.99575
0 0 0 1
510 510 320 240
0.999042 0.0399525 0.0178366 -0.125935
0.0173147 -0.735396 0.677416 0.00869586
0.0401815 -0.676459 -0.735383 4.06674
0 0 0 1
510 510 320 240
0.998967 0.0453616 0.00251682 -0.14591
0.0312773 -0.726863 0.68607 0.0238583
0.0329506 -0.685283 -0.727532 4.13953
0 0 0 1
510 510 320 240
0.999223 0.0316873 0.0234506 -0.0619812
0.00625644 -0.714809 0.699292 0.13854
0.0389214 -0.698601 -0.714452 4.04371
0 0 0 1
510 510 320 240
0.997347 0.0441948 0.0578435 -0.0451806
-0.0147003 -0.655965 0.754648 0.0564585
0.0712948 -0.753497 -0.653575 3.79969
0 0 0 1
510 510 320 240
0.9941 0.0662119 0.0859111 -0.0381831
-0.0294714 -0.597375 0.80142 0.065393
0.104385 -0.799224 -0.591899 3.55762
0 0 0 1
510 510 320 240
0.991457 0.0728953 0.108166 0.0269189
-0.0525615 -0.535675 0.842787 -0.00613901
0.119377 -0.841272 -0.527267 3.41076
0 0 0 1
510 510 320 240
0.989873 0.078947 0.117977 0.0487011
-0.0654195 -0.483874 0.872689 -0.0996903
0.125982 -0.87157 -0.473809 3.31383
0 0 0 1
510 510 320 240
0.996387 0.0707158 0.0470445 0.0355481
-0.00993563 -0.453043 0.891433 -0.0537587
0.0843516 -0.888679 -0.450703 3.14145
0 0 0 1
510 510 320 240
0.998498 0.0513109 0.0191833 0.0222208
0.00464354 -0.42821 0.903667 -0.0908349
0.0545825 -0.902221 -0.427806 3.05238
0 0 0 1
